1000
-782
878
-300
-804
973
228
846
-675
-940
625
696
-92
749
-509
390
-509
832
133
-858
210
818
47
-806
-798
-362
-562
-213
947
-634
282
925
605
-840
125
762
995
966
-43
-477
952
-272
-670
-836
507
327
-415
-950
259
-337
875
768
-750
901
280
610
188
809
453
492
477
-833
-873
-891
-191
-310
-855
-422
-399
637
-777
256
634
612
-993
-227
79
-885
-371
409
673
-225
684
-678
-122
300
608
424
-516
537
774
-656
788
248
-654
766
672
501
173
-111
-765
14
340
657
559
892
467
-505
-2
-829
773
-2
-919
-65
852
-47
-308
-718
690
-937
-163
179
509
259
-605
348
838
900
-233
-364
839
-198
-155
854
506
-670
-14
163
667
934
980
173
-348
-425
983
633
206
-225
928
805
-438
172
411
898
805
322
566
966
31
-430
-893
-92
-143
-14
-990
-945
-204
-497
-255
326
-606
327
316
868
-137
671
407
-566
-473
-189
141
-256
53
-685
65
196
715
824
-278
-428
-422
278
510
592
120
996
406
711
910
-957
-201
65
-90
-10
99
-60
296
-175
532
557
107
550
592
-928
-786
968
-723
-366
987
-270
-566
785
-943
74
213
-491
327
-420
-994
-152
4
-964
880
783
545
-835
964
-951
-875
58
348
-881
981
-762
-252
-705
817
-361
858
891
-816
91
979
-471
-750
395
-827
847
-100
118
373
160
99
-780
-105
-404
608
-326
459
-481
-407
-682
-262
795
194
670
437
842
-150
108
-813
-183
-729
831
672
-967
-472
-27
-872
-855
-751
95
216
-758
-314
696
234
965
-882
313
5
-909
-80
337
714
14
382
-181
-288
174
613
962
710
360
764
298
-962
107
-368
708
-101
192
162
946
866
2
25
308
-989
550
-488
405
238
783
-393
-873
727
-540
-555
-728
-880
-91
-945
-506
958
-443
-725
-631
648
908
-828
-733
-502
-273
-339
348
-337
-12
360
-524
-432
891
-246
-950
-944
-767
792
-781
367
104
834
-911
578
-387
579
485
6
140
-305
-329
-261
-135
914
224
417
947
-740
-120
-211
-468
47
-349
332
-337
-992
228
890
-381
-575
-861
541
903
690
883
114
128
221
-135
220
104
181
-527
850
973
613
-715
493
40
-884
130
885
54
-101
-850
-142
926
-634
-752
-874
419
-163
-607
-900
668
129
-280
-550
220
-295
158
906
-458
-407
578
297
-813
-775
-881
-408
889
408
-937
-923
-593
327
-318
-113
374
247
-247
-704
268
73
-374
-102
-284
-326
-913
169
876
-668
-254
-978
-750
-138
646
-627
-39
843
-854
-641
739
-930
290
185
-495
-833
9
-944
32
-720
-277
-459
537
623
938
-831
-534
-582
721
57
-196
168
-928
434
375
634
58
506
634
885
50
-530
-143
-840
959
684
410
-401
-336
-561
-325
780
979
768
-792
-83
-211
223
636
157
924
-426
648
595
-141
643
-639
719
-391
-629
562
373
19
257
272
306
-213
-246
692
-604
147
-6
-79
600
732
-498
-268
30
-2
46
435
495
-260
-212
44
-848
920
-402
286
-175
511
908
-787
806
-408
68
-900
74
1
-112
-451
-791
-883
347
-898
-480
-654
-38
-679
-482
-373
-948
958
443
-213
441
-603
220
843
-979
-440
974
-296
-822
999
-875
-241
-61
-704
-662
893
-471
-336
-998
-276
-737
-881
768
-910
-112
-716
-951
78
19
103
-66
-265
998
141
-479
-600
-403
715
-448
993
880
-740
924
-158
890
408
719
988
514
-407
-941
-614
867
464
788
743
414
-161
-548
-284
-287
618
420
236
-511
-511
-243
-757
-853
-76
-717
-378
123
-311
457
990
-892
530
4
185
-697
-876
-512
-508
-351
-931
-89
254
45
-425
-846
777
-416
-188
-856
868
214
-450
-997
-385
-175
767
373
-159
-665
-168
-521
863
831
936
759
-144
66
-307
-290
-522
-634
-751
-794
-862
-373
89
39
-391
317
-511
-201
-579
-544
927
999
-590
908
87
-384
272
-466
-649
-414
513
630
294
514
158
754
-224
-968
60
-114
-104
-884
-145
-348
911
807
-736
-891
556
-851
883
-149
511
-610
942
248
-71
449
31
159
112
-138
-481
933
265
-222
-930
768
745
-438
274
-427
527
-777
-703
-861
-377
991
137
322
-366
-554
-159
-540
-116
315
-448
369
-272
-668
632
-573
321
736
263
712
-515
402
-308
-373
997
208
-941
-489
690
609
661
36
956
121
594
401
431
-595
579
-41
369
249
-796
179
-823
-892
-967
616
37
75
451
-598
589
-641
341
876
190
422
-867
-272
-52
-522
598
20
730
963
581
638
-274
31
-235
479
346
903
-74
-566
-656
830
-386
634
712
-621
-752
585
-954
453
-396
994
-590
-487
938
-147
858
-396
289
-722
-275
489
-641
-394
-708
1000
724
808
867
-402
178
-110
464
-146
-350
500
-938
-492
-214
896
660
624
-42
-458
-804
-428
167
-584
-648
501
33
879
-207
-619
444
963
420
-812
-773
591
-824
363
-701
247
102
864
-735
-333
491
267
333
-838
418
539
581
-394
87
211
-512
350
-831
902
930
-61
-798
-587
-985
-110
35
110
294
-241
-762
-565
-522
853
-595
-945
-313
2
723
-238
773
-987
604
-573
-913
-50
337
-845
193
74
993
-749
-271
-924
-724
-189
-738
-529
-236
99
-670
37
871
-871
968
792
898
8
817
317
762
791
-355
299
-576
-396
-496
985
-459
-82
517
-630